Site/Product/Categroy Link,Link Name(Required only when creating code),Affiliate URL,Text link
https://es.newchic.com/vonda-tank-tops-and-camis-3688/p-1962560.html?rmmds=category_recommend#trace_id=90cf1702487527733,,https://Newchic.vip/14s4b,"<a target=""_blank"" href=""https://Newchic.vip/14s4b"" title=""""></a>"
https://es.newchic.com/zanzea-blouses-and-shirts-3689/p-1962659.html?rmmds=category_recommend#trace_id=90cf1702487527733,,https://Newchic.vip/14s4c,"<a target=""_blank"" href=""https://Newchic.vip/14s4c"" title=""""></a>"
https://es.newchic.com/zanzea-blouses-and-shirts-3689/p-1962660.html?rmmds=category_recommend#trace_id=90cf1702487527733,,https://Newchic.vip/14s4d,"<a target=""_blank"" href=""https://Newchic.vip/14s4d"" title=""""></a>"
https://es.newchic.com/zanzea-tank-tops-and-camis-3688/p-1962662.html?rmmds=category_recommend#trace_id=90cf1702487527733,,https://Newchic.vip/14s4e,"<a target=""_blank"" href=""https://Newchic.vip/14s4e"" title=""""></a>"
https://es.newchic.com/zanzea-tank-tops-and-camis-3688/p-1962666.html?rmmds=category_recommend#trace_id=90cf1702487527733,,https://Newchic.vip/14s4f,"<a target=""_blank"" href=""https://Newchic.vip/14s4f"" title=""""></a>"
https://es.newchic.com/zanzea-blouses-and-shirts-3689/p-1962771.html?rmmds=category_recommend#trace_id=90cf1702487527733,,https://Newchic.vip/14s4g,"<a target=""_blank"" href=""https://Newchic.vip/14s4g"" title=""""></a>"
https://es.newchic.com/zanzea-blouses-and-shirts-3689/p-1962784.html?rmmds=category_recommend#trace_id=90cf1702487527733,,https://Newchic.vip/14s4h,"<a target=""_blank"" href=""https://Newchic.vip/14s4h"" title=""""></a>"
https://es.newchic.com/zanzea-t-shirts-3666/p-1962787.html?rmmds=category_recommend#trace_id=90cf1702487527733,,https://Newchic.vip/14s4i,"<a target=""_blank"" href=""https://Newchic.vip/14s4i"" title=""""></a>"
https://es.newchic.com/zanzea-blouses-and-shirts-3689/p-1962994.html?rmmds=category_recommend#trace_id=90cf1702487527733,,https://Newchic.vip/14s4j,"<a target=""_blank"" href=""https://Newchic.vip/14s4j"" title=""""></a>"
https://es.newchic.com/zanzea-blouses-and-shirts-3689/p-1962995.html?rmmds=category_recommend#trace_id=90cf1702487527733,,https://Newchic.vip/14s4k,"<a target=""_blank"" href=""https://Newchic.vip/14s4k"" title=""""></a>"
https://es.newchic.com/zanzea-blouses-and-shirts-3689/p-1963149.html?rmmds=category_recommend#trace_id=90cf1702487527733,,https://Newchic.vip/14s4l,"<a target=""_blank"" href=""https://Newchic.vip/14s4l"" title=""""></a>"
https://es.newchic.com/rinsta-crop-tops-4954/p-1963173.html?rmmds=category_recommend#trace_id=90cf1702487527733,,https://Newchic.vip/14s4m,"<a target=""_blank"" href=""https://Newchic.vip/14s4m"" title=""""></a>"
https://es.newchic.com/rinsta-blouses-and-shirts-3689/p-1963175.html?rmmds=category_recommend#trace_id=90cf1702487527733,,https://Newchic.vip/14s4n,"<a target=""_blank"" href=""https://Newchic.vip/14s4n"" title=""""></a>"
https://es.newchic.com/rinsta-crop-tops-4954/p-1963178.html?rmmds=category_recommend#trace_id=90cf1702487527733,,https://Newchic.vip/14s4o,"<a target=""_blank"" href=""https://Newchic.vip/14s4o"" title=""""></a>"
https://es.newchic.com/rinsta-crop-tops-4954/p-1963179.html?rmmds=category_recommend#trace_id=90cf1702487527733,,https://Newchic.vip/14s4p,"<a target=""_blank"" href=""https://Newchic.vip/14s4p"" title=""""></a>"
https://es.newchic.com/rinsta-tank-tops-and-camis-3688/p-1963182.html?rmmds=category_recommend#trace_id=90cf1702487527733,,https://Newchic.vip/14s4q,"<a target=""_blank"" href=""https://Newchic.vip/14s4q"" title=""""></a>"
https://es.newchic.com/rinsta-tank-tops-and-camis-3688/p-1963183.html?rmmds=category_recommend#trace_id=90cf1702487527733,,https://Newchic.vip/14s4r,"<a target=""_blank"" href=""https://Newchic.vip/14s4r"" title=""""></a>"
https://es.newchic.com/rinsta-tank-tops-and-camis-3688/p-1963186.html?rmmds=category_recommend#trace_id=90cf1702487527733,,https://Newchic.vip/14s4s,"<a target=""_blank"" href=""https://Newchic.vip/14s4s"" title=""""></a>"
https://es.newchic.com/rinsta-crop-tops-4954/p-1963188.html?rmmds=category_recommend#trace_id=90cf1702487527733,,https://Newchic.vip/14s4t,"<a target=""_blank"" href=""https://Newchic.vip/14s4t"" title=""""></a>"
https://es.newchic.com/rinsta-tank-tops-and-camis-3688/p-1963189.html?rmmds=category_recommend#trace_id=90cf1702487527733,,https://Newchic.vip/14s4u,"<a target=""_blank"" href=""https://Newchic.vip/14s4u"" title=""""></a>"
https://es.newchic.com/rinsta-tank-tops-and-camis-3688/p-1963190.html?rmmds=category_recommend#trace_id=90cf1702487527733,,https://Newchic.vip/14s4v,"<a target=""_blank"" href=""https://Newchic.vip/14s4v"" title=""""></a>"
https://es.newchic.com/rinsta-tank-tops-and-camis-3688/p-1963191.html?rmmds=category_recommend#trace_id=90cf1702487527733,,https://Newchic.vip/14s4w,"<a target=""_blank"" href=""https://Newchic.vip/14s4w"" title=""""></a>"
https://es.newchic.com/zanzea-blouses-and-shirts-3689/p-1963393.html?rmmds=category_recommend#trace_id=90cf1702487527733,,https://Newchic.vip/14s4x,"<a target=""_blank"" href=""https://Newchic.vip/14s4x"" title=""""></a>"
https://es.newchic.com/zanzea-blouses-and-shirts-3689/p-1963598.html?rmmds=category_recommend#trace_id=90cf1702487527733,,https://Newchic.vip/14s4y,"<a target=""_blank"" href=""https://Newchic.vip/14s4y"" title=""""></a>"
https://es.newchic.com/zanzea-blouses-and-shirts-3689/p-1963608.html?rmmds=category_recommend#trace_id=90cf1702487527733,,https://Newchic.vip/14s4z,"<a target=""_blank"" href=""https://Newchic.vip/14s4z"" title=""""></a>"
https://es.newchic.com/zanzea-blouses-and-shirts-3689/p-1963612.html?rmmds=category_recommend#trace_id=90cf1702487527733,,https://Newchic.vip/14s4A,"<a target=""_blank"" href=""https://Newchic.vip/14s4A"" title=""""></a>"
https://es.newchic.com/zanzea-blouses-and-shirts-3689/p-1963655.html?rmmds=category_recommend#trace_id=90cf1702487527733,,https://Newchic.vip/14s4B,"<a target=""_blank"" href=""https://Newchic.vip/14s4B"" title=""""></a>"
https://es.newchic.com/zanzea-blouses-and-shirts-3689/p-1963841.html?rmmds=category_recommend#trace_id=90cf1702487527733,,https://Newchic.vip/14s4C,"<a target=""_blank"" href=""https://Newchic.vip/14s4C"" title=""""></a>"
https://es.newchic.com/zanzea-blouses-and-shirts-3689/p-1963843.html?rmmds=category_recommend#trace_id=90cf1702487527733,,https://Newchic.vip/14s4D,"<a target=""_blank"" href=""https://Newchic.vip/14s4D"" title=""""></a>"
https://es.newchic.com/zanzea-blouses-and-shirts-3689/p-1963861.html?rmmds=category_recommend#trace_id=90cf1702487527733,,https://Newchic.vip/14s4E,"<a target=""_blank"" href=""https://Newchic.vip/14s4E"" title=""""></a>"
https://es.newchic.com/zanzea-tank-tops-and-camis-3688/p-1963864.html?rmmds=category_recommend#trace_id=90cf1702487527733,,https://Newchic.vip/14s4F,"<a target=""_blank"" href=""https://Newchic.vip/14s4F"" title=""""></a>"
https://es.newchic.com/zanzea-tank-tops-and-camis-3688/p-1963925.html?rmmds=category_recommend#trace_id=90cf1702487527733,,https://Newchic.vip/14s4G,"<a target=""_blank"" href=""https://Newchic.vip/14s4G"" title=""""></a>"
https://es.newchic.com/zanzea-t-shirts-3666/p-1963944.html?rmmds=category_recommend#trace_id=90cf1702487527733,,https://Newchic.vip/14s4H,"<a target=""_blank"" href=""https://Newchic.vip/14s4H"" title=""""></a>"
https://es.newchic.com/zanzea-blouses-and-shirts-3689/p-1963945.html?rmmds=category_recommend#trace_id=90cf1702487527733,,https://Newchic.vip/14s4I,"<a target=""_blank"" href=""https://Newchic.vip/14s4I"" title=""""></a>"
https://es.newchic.com/selfsow-blouses-and-shirts-3689/p-1964099.html?rmmds=category_recommend#trace_id=90cf1702487527733,,https://Newchic.vip/14s4J,"<a target=""_blank"" href=""https://Newchic.vip/14s4J"" title=""""></a>"
https://es.newchic.com/selfsow-blouses-and-shirts-3689/p-1964118.html?rmmds=category_recommend#trace_id=90cf1702487527733,,https://Newchic.vip/14s4K,"<a target=""_blank"" href=""https://Newchic.vip/14s4K"" title=""""></a>"
https://es.newchic.com/selfsow-blouses-and-shirts-3689/p-1964119.html?rmmds=category_recommend#trace_id=90cf1702487527733,,https://Newchic.vip/14s4L,"<a target=""_blank"" href=""https://Newchic.vip/14s4L"" title=""""></a>"
https://es.newchic.com/selfsow-tank-tops-and-camis-3688/p-1964120.html?rmmds=category_recommend#trace_id=90cf1702487527733,,https://Newchic.vip/14s4M,"<a target=""_blank"" href=""https://Newchic.vip/14s4M"" title=""""></a>"
https://es.newchic.com/selfsow-tank-tops-and-camis-3688/p-1964121.html?rmmds=category_recommend#trace_id=90cf1702487527733,,https://Newchic.vip/14s4N,"<a target=""_blank"" href=""https://Newchic.vip/14s4N"" title=""""></a>"
https://es.newchic.com/zanzea-blouses-and-shirts-3689/p-1964145.html?rmmds=category_recommend#trace_id=90cf1702487527733,,https://Newchic.vip/14s4O,"<a target=""_blank"" href=""https://Newchic.vip/14s4O"" title=""""></a>"
https://es.newchic.com/selfsow-blouses-and-shirts-3689/p-1964566.html?rmmds=category_recommend#trace_id=90cf1702487527733,,https://Newchic.vip/14s4P,"<a target=""_blank"" href=""https://Newchic.vip/14s4P"" title=""""></a>"
https://es.newchic.com/selfsow-blouses-and-shirts-3689/p-1964584.html?rmmds=category_recommend#trace_id=90cf1702487527733,,https://Newchic.vip/14s4Q,"<a target=""_blank"" href=""https://Newchic.vip/14s4Q"" title=""""></a>"
https://es.newchic.com/zanzea-blouses-and-shirts-3689/p-1964594.html?rmmds=category_recommend#trace_id=90cf1702487527733,,https://Newchic.vip/14s4R,"<a target=""_blank"" href=""https://Newchic.vip/14s4R"" title=""""></a>"
https://es.newchic.com/zanzea-blouses-and-shirts-3689/p-1964617.html?rmmds=category_recommend#trace_id=90cf1702487527733,,https://Newchic.vip/14s4S,"<a target=""_blank"" href=""https://Newchic.vip/14s4S"" title=""""></a>"
https://es.newchic.com/zanzea-tank-tops-and-camis-3688/p-1964639.html?rmmds=category_recommend#trace_id=90cf1702487527733,,https://Newchic.vip/14s4T,"<a target=""_blank"" href=""https://Newchic.vip/14s4T"" title=""""></a>"
https://es.newchic.com/zanzea-blouses-and-shirts-3689/p-1964655.html?rmmds=category_recommend#trace_id=90cf1702487527733,,https://Newchic.vip/14s4U,"<a target=""_blank"" href=""https://Newchic.vip/14s4U"" title=""""></a>"
https://es.newchic.com/zanzea-blouses-and-shirts-3689/p-1964657.html?rmmds=category_recommend#trace_id=90cf1702487527733,,https://Newchic.vip/14s4V,"<a target=""_blank"" href=""https://Newchic.vip/14s4V"" title=""""></a>"
https://es.newchic.com/vonda-tank-tops-and-camis-3688/p-1964740.html?rmmds=category_recommend#trace_id=90cf1702487527733,,https://Newchic.vip/14s4W,"<a target=""_blank"" href=""https://Newchic.vip/14s4W"" title=""""></a>"
https://es.newchic.com/vonda-tank-tops-and-camis-3688/p-1964747.html?rmmds=category_recommend#trace_id=90cf1702487527733,,https://Newchic.vip/14s4X,"<a target=""_blank"" href=""https://Newchic.vip/14s4X"" title=""""></a>"
https://es.newchic.com/zanzea-blouses-and-shirts-3689/p-1964808.html?rmmds=category_recommend#trace_id=90cf1702487527733,,https://Newchic.vip/14s4Y,"<a target=""_blank"" href=""https://Newchic.vip/14s4Y"" title=""""></a>"
